1000 1000
1 366 5
2 105 5
2 38 2
2 220 4
3 370 1
3 400 1
3 253 5
4 489 2
5 843 4
5 544 1
6 318 1
7 193 5
8 230 1
8 292 5
9 483 5
9 199 3
9 873 4
9 739 1
9 234 1
10 785 3
11 805 4
11 673 2
11 176 5
12 406 4
13 104 3
13 675 4
13 848 3
13 716 4
14 200 5
14 504 3
14 571 2
14 284 2
14 610 3
15 617 2
15 568 5
15 225 2
16 593 1
17 67 1
17 55 4
18 632 3
18 265 3
19 841 4
19 279 5
21 412 1
22 918 2
23 845 3
24 702 3
24 663 4
25 640 4
26 273 3
26 405 5
26 985 1
27 204 5
27 789 4
27 762 3
28 147 3
29 214 4
29 524 4
29 786 3
29 585 5
29 879 3
30 958 4
30 431 4
31 616 5
32 955 2
33 347 4
33 912 1
33 234 2
33 467 1
33 162 1
34 742 3
35 783 5
35 66 1
36 315 3
37 617 3
38 602 4
39 783 4
40 497 1
40 114 1
41 283 5
42 401 5
42 707 4
42 162 1
43 930 1
44 723 4
45 359 5
46 879 2
47 600 2
48 794 3
49 955 3
50 767 4
50 929 1
50 915 3
51 219 5
52 399 3
52 514 3
57 947 3
57 834 5
57 734 3
58 97 4
59 790 2
60 813 4
60 654 5
61 621 5
62 250 1
62 79 4
62 161 5
64 450 1
65 201 5
66 785 1
66 455 4
66 744 5
66 270 3
67 103 2
67 774 1
67 853 2
67 731 1
70 666 3
70 243 4
70 754 1
72 764 1
73 212 4
73 89 5
73 972 4
73 824 1
73 840 4
73 607 3
73 815 2
74 759 3
75 765 3
75 444 3
76 549 5
77 934 1
77 777 4
78 144 4
79 937 5
80 981 1
80 603 1
81 638 4
82 205 2
84 589 4
85 446 1
86 796 4
86 306 4
87 850 2
87 235 4
88 369 2
88 259 2
88 774 3
88 478 1
89 315 2
90 581 2
91 502 3
91 278 1
91 791 5
93 269 1
93 790 1
94 100 2
94 579 5
95 868 5
95 784 5
95 680 3
98 411 2
98 968 4
100 666 3
100 524 1
101 896 5
101 755 4
102 560 4
103 975 1
104 496 2
105 518 5
105 654 1
107 377 5
107 802 5
111 291 4
111 433 3
111 252 4
112 614 2
112 242 3
113 420 4
114 398 1
114 291 1
114 669 3
114 182 3
115 845 2
115 795 5
117 645 4
117 506 1
117 537 5
117 956 5
118 653 4
118 980 1
119 850 4
119 505 1
119 426 4
119 471 3
119 389 2
120 513 3
120 601 3
121 224 2
121 643 1
121 445 1
122 550 5
124 362 5
124 935 4
124 972 2
125 970 3
125 976 4
127 913 3
128 921 3
128 312 2
128 826 4
128 425 3
129 178 4
129 855 1
129 181 1
129 195 2
130 837 1
130 435 4
130 171 1
130 921 3
131 962 3
131 713 4
132 977 1
132 678 1
133 362 5
136 648 2
136 269 2
136 822 4
137 487 2
137 787 5
139 262 3
139 500 5
140 924 3
140 651 2
140 668 4
141 534 5
141 691 5
141 215 4
141 883 1
142 177 2
142 948 5
143 972 3
143 384 1
143 737 5
143 837 1
143 615 2
143 287 3
143 398 3
146 255 3
146 799 1
146 229 2
147 732 3
147 476 1
149 544 2
149 501 4
151 812 4
151 740 1
151 883 2
152 941 5
152 552 2
153 324 1
153 459 2
153 302 2
157 577 4
158 662 5
158 595 3
159 170 5
159 242 2
160 717 2
160 299 3
160 189 4
160 218 3
161 544 4
161 637 2
161 770 1
162 654 2
163 257 3
163 1000 1
163 743 5
164 997 5
164 793 1
164 940 4
164 907 4
165 928 4
166 317 1
166 554 3
166 603 2
167 496 4
167 330 4
167 182 3
167 291 2
169 569 4
170 528 2
170 428 2
170 251 2
173 659 5
174 313 3
174 588 3
175 618 4
175 979 1
175 192 2
176 769 4
176 360 4
176 573 2
178 412 3
178 599 1
179 722 1
179 494 1
179 670 1
180 718 2
181 962 5
182 747 3
182 428 4
183 831 3
184 610 1
184 890 4
185 604 3
185 954 1
186 243 3
187 381 2
188 780 2
189 421 5
189 303 4
189 423 1
189 725 2
190 686 3
190 950 1
191 277 4
191 988 2
193 351 2
193 664 1
194 735 3
194 280 4
195 343 2
195 656 1
196 669 3
196 821 4
196 299 2
197 273 3
197 634 2
199 754 3
200 867 1
200 656 3
200 680 2
203 951 1
203 718 3
203 413 5
204 373 2
205 503 1
206 422 3
207 649 1
208 550 4
208 913 5
208 649 1
208 769 2
209 269 2
212 342 2
212 943 4
212 462 4
213 243 2
214 841 4
214 861 4
215 836 3
215 631 5
216 885 4
217 519 4
217 697 5
217 782 4
217 723 1
217 609 3
217 338 3
218 847 4
219 404 5
219 805 5
220 505 3
220 777 4
221 773 1
221 651 2
222 284 5
224 642 4
224 477 4
226 335 5
226 367 5
226 265 4
226 459 3
227 427 2
227 744 1
228 820 1
228 816 1
229 444 2
230 614 3
231 299 2
231 720 1
232 917 5
232 829 5
233 599 2
234 566 3
234 377 5
234 699 3
234 748 1
236 247 2
236 842 4
239 917 5
240 657 2
242 839 1
242 827 3
246 894 5
247 652 1
247 340 1
249 386 3
250 830 3
251 311 5
251 529 5
251 760 5
252 350 5
252 606 4
253 790 2
254 464 1
254 328 3
254 623 2
255 528 4
255 784 2
255 352 2
257 618 2
257 995 5
259 443 4
259 830 4
259 513 2
259 860 3
259 267 2
260 287 5
261 975 4
261 410 2
261 332 4
261 338 5
262 872 3
262 855 4
263 821 4
264 433 4
264 576 2
266 581 5
266 735 3
267 961 2
267 808 1
268 922 4
269 537 2
269 881 5
269 970 5
269 444 1
270 543 4
270 573 4
273 905 5
273 982 3
274 630 1
276 906 1
276 422 4
276 288 2
278 512 4
278 776 2
280 326 4
281 496 3
282 656 1
282 376 1
283 333 4
284 431 4
284 809 2
285 697 4
285 675 1
286 543 3
286 817 5
287 932 4
287 659 4
289 664 1
290 602 4
291 695 1
294 523 1
294 349 5
295 928 2
296 806 3
296 829 1
297 518 1
297 575 2
298 487 2
298 959 5
298 687 3
299 728 3
299 748 5
300 809 2
301 628 2
302 815 5
303 516 1
304 914 1
304 710 2
305 324 2
305 589 2
305 735 1
306 328 3
306 619 2
306 722 2
309 687 3
313 887 3
315 917 3
316 644 3
317 409 3
317 621 3
317 523 5
318 567 1
319 845 3
319 544 2
319 707 1
319 878 5
321 856 3
322 566 1
323 728 1
323 714 1
324 778 3
324 431 3
325 406 1
326 492 4
327 929 5
327 724 4
328 608 5
329 922 1
329 502 1
329 828 2
330 407 2
330 782 3
331 628 5
331 683 1
332 471 3
333 964 2
333 632 1
334 689 3
336 662 1
337 369 5
339 993 5
339 843 1
340 558 2
341 943 4
342 920 1
343 375 4
343 471 3
343 858 5
343 547 1
344 775 2
346 662 4
347 735 3
350 392 1
352 907 5
353 893 3
353 566 3
354 523 3
355 936 5
357 967 5
358 937 1
359 455 3
360 510 1
360 650 2
361 709 3
362 780 5
362 571 4
362 940 1
365 747 5
366 417 2
367 535 4
368 781 5
368 996 2
370 650 3
371 660 1
371 824 4
371 625 2
372 894 4
374 731 1
375 610 5
376 863 4
376 525 2
376 967 1
377 419 3
378 817 5
379 991 5
379 444 5
379 821 4
379 961 2
380 467 4
380 880 1
380 686 1
381 879 2
381 578 4
381 433 5
381 520 5
383 855 5
383 969 4
383 438 1
386 503 1
386 390 2
387 752 2
388 935 1
388 871 3
388 434 4
389 647 4
390 743 5
391 507 5
392 903 1
392 748 3
392 579 4
393 396 4
393 937 1
393 510 1
393 567 3
393 690 4
394 433 3
394 422 4
395 628 5
395 784 4
396 535 4
397 799 5
398 920 2
398 918 4
399 828 5
399 667 2
400 557 3
400 670 1
400 811 4
401 602 2
402 673 2
402 824 5
403 638 1
404 972 1
405 674 5
405 641 5
406 758 2
407 543 4
409 930 5
410 868 1
411 674 1
413 807 3
415 968 4
417 750 4
418 469 1
418 479 4
418 759 3
421 888 1
421 806 3
423 892 3
423 684 1
423 582 3
423 670 3
424 847 4
425 925 3
425 747 3
426 629 1
427 609 1
429 492 2
429 467 2
430 890 5
431 441 3
431 493 3
432 819 2
432 719 1
432 811 4
433 680 5
433 869 3
435 878 4
437 983 1
439 785 2
439 596 3
440 823 5
441 939 3
441 998 4
442 967 2
443 463 3
443 952 2
445 731 1
448 472 2
449 993 2
451 539 2
453 820 5
454 875 5
455 1000 5
457 961 1
457 691 1
457 776 3
458 886 5
459 587 2
460 555 3
460 835 2
461 574 1
462 878 4
462 826 1
463 639 2
466 830 2
466 789 4
466 514 4
466 834 2
467 844 3
467 714 1
468 544 2
469 618 2
469 980 3
470 566 2
470 491 3
471 824 2
472 507 3
473 911 2
473 816 1
475 483 2
475 863 1
476 800 4
478 752 2
479 558 1
480 972 5
481 794 5
481 520 3
483 565 1
484 803 3
486 687 2
486 658 3
488 929 5
488 966 1
491 579 5
491 930 3
491 950 4
492 875 1
492 561 1
493 856 5
493 729 5
494 634 5
494 562 1
494 525 4
496 756 3
497 826 4
499 698 5
499 836 2
500 722 4
500 605 2
501 584 2
501 749 3
502 545 1
502 601 5
502 587 4
503 708 4
505 860 1
506 951 3
506 559 4
506 996 1
507 738 5
508 943 4
509 642 5
509 782 3
510 535 4
511 602 2
512 522 5
512 762 4
513 715 3
513 614 4
513 713 1
514 602 5
515 807 3
516 597 1
517 566 2
519 580 2
519 791 4
521 889 3
521 570 3
522 543 1
522 924 5
523 747 5
524 768 5
525 814 1
526 967 2
527 840 1
528 545 3
531 670 2
531 672 4
533 808 3
533 612 1
533 682 1
536 676 3
536 812 2
537 764 5
538 560 1
538 894 3
539 993 5
540 983 4
540 970 3
541 915 4
542 844 5
544 822 1
544 632 3
545 975 3
547 860 2
548 641 4
549 919 3
550 687 1
553 938 1
553 580 2
554 873 3
555 604 1
559 614 4
559 601 4
560 774 1
560 896 5
560 637 2
562 769 1
562 654 4
563 756 5
563 726 5
567 638 5
568 620 3
568 889 5
569 806 2
571 724 3
571 755 1
572 824 4
573 945 5
579 641 1
579 699 1
580 663 2
580 917 5
581 650 5
581 633 4
582 778 1
582 885 4
583 684 5
584 641 3
584 957 1
585 614 3
585 714 1
585 672 3
587 897 1
589 928 4
589 934 3
589 829 1
593 625 2
597 687 4
598 858 2
600 732 2
600 930 1
601 939 2
601 903 2
601 997 2
603 728 1
603 766 2
604 957 5
604 739 1
610 634 4
612 946 2
614 863 4
616 830 1
616 753 2
618 705 4
619 850 1
621 993 3
622 852 4
623 857 1
623 882 2
624 894 2
627 945 3
628 784 1
630 690 2
631 865 2
631 679 2
631 777 1
632 879 5
633 938 1
633 665 5
634 984 1
635 747 5
639 976 5
640 949 3
640 744 3
641 924 5
642 995 5
642 727 5
643 807 3
644 719 2
644 672 4
645 887 3
647 676 2
649 792 5
652 741 3
652 964 2
654 788 5
656 998 2
658 726 3
659 912 3
660 776 1
661 697 1
661 790 2
662 687 1
664 740 5
664 867 3
665 707 2
666 715 1
670 761 2
670 982 5
670 782 4
673 773 1
679 779 2
681 716 3
683 741 3
684 837 3
685 931 3
690 970 5
692 746 5
700 793 3
703 787 2
704 846 1
704 717 5
705 837 2
711 939 2
711 979 3
713 875 4
713 997 1
714 887 1
715 717 5
718 776 2
718 951 1
727 861 2
729 791 4
733 1000 3
735 840 4
738 980 1
740 999 4
740 859 1
741 920 4
742 965 2
742 815 5
750 847 3
752 864 1
752 835 2
753 902 1
756 919 5
759 763 2
761 962 3
762 928 3
762 971 4
763 923 4
763 850 3
773 774 3
777 907 3
777 842 3
778 806 1
779 954 1
780 998 2
783 982 2
785 924 3
794 864 4
794 944 4
799 868 4
802 842 4
802 901 3
805 946 5
810 930 2
812 873 1
813 920 5
814 999 5
814 875 2
815 833 2
815 960 1
817 939 2
818 968 3
820 888 1
826 971 1
828 845 5
833 866 5
838 846 1
838 922 5
838 865 5
842 903 4
843 888 1
845 930 1
851 988 1
853 928 3
858 864 5
860 907 4
860 888 3
860 941 3
870 885 2
870 885 5
871 949 3
879 995 2
883 948 2
883 900 5
888 976 1
888 950 3
888 896 2
889 919 2
890 906 3
895 896 3
897 928 2
900 907 2
903 973 2
923 963 2
931 997 4
936 978 3
943 966 1
973 992 5
