70 70
1 4 3
1 55 4
1 31 4
1 59 3
1 33 2
3 38 5
3 50 3
3 51 1
5 13 1
5 56 1
6 35 3
7 32 1
8 51 2
8 49 4
9 11 3
9 46 5
10 62 1
10 52 2
10 53 3
11 63 2
11 33 5
12 68 1
12 16 4
12 41 3
12 21 4
13 38 4
13 16 3
14 63 3
15 33 2
15 48 2
15 28 4
16 68 2
16 58 1
17 43 4
17 29 1
18 30 3
19 60 3
20 28 2
21 36 3
22 55 5
24 33 3
29 52 4
30 59 1
32 35 5
32 62 5
35 60 5
35 41 2
35 43 3
35 50 1
39 53 1
39 42 2
39 57 3
39 58 5
40 50 2
41 43 2
41 59 5
43 48 5
46 64 4
46 63 4
47 61 3
51 56 4
51 68 4
52 65 5
55 69 4
56 58 4
56 63 2
58 70 2
58 69 1
59 68 1
60 62 5
