100 100
1 4 1
1 66 2
1 58 4
2 30 1
2 28 1
2 98 3
3 14 3
3 68 1
4 13 1
5 36 3
6 14 3
6 73 4
6 22 1
7 31 5
7 54 5
7 68 5
8 52 2
8 52 4
9 28 2
10 98 3
10 47 4
12 98 5
13 24 2
13 48 2
14 56 3
14 59 1
15 35 4
16 24 1
16 18 3
16 84 1
17 80 5
18 77 1
18 73 1
19 70 4
19 96 4
20 35 1
21 99 5
21 42 3
22 68 1
22 36 1
23 63 3
24 62 5
25 76 1
25 29 1
26 56 2
26 98 2
29 58 4
29 53 1
29 66 1
30 84 2
30 68 1
30 98 1
30 71 3
33 88 3
34 49 1
35 79 2
35 99 4
36 78 4
36 78 2
36 87 2
36 97 3
38 94 3
44 51 1
45 65 4
45 80 1
45 96 3
45 47 4
46 51 5
48 49 3
49 57 1
51 85 5
51 61 1
52 77 2
53 78 1
54 55 4
54 97 4
56 81 1
56 82 4
58 98 5
59 86 5
59 62 1
60 82 1
60 93 4
63 83 4
67 89 5
71 93 3
71 100 3
72 82 1
72 86 4
72 82 3
73 94 1
78 95 5
82 84 5
82 85 4
85 94 3
85 87 1
87 94 1
91 91 2
93 99 1
93 96 2
