500 500
1 368 3
2 35 3
2 58 5
2 496 1
2 370 3
3 42 5
6 472 2
6 166 5
6 18 5
7 196 2
7 124 3
8 420 3
10 97 1
10 475 5
12 446 3
14 135 2
15 362 2
15 425 4
15 317 3
16 153 5
16 321 4
17 267 1
18 345 3
18 403 3
18 214 3
18 78 1
18 100 5
19 302 3
20 188 3
20 316 2
20 96 2
21 196 1
22 264 3
22 342 2
22 395 4
22 284 1
23 161 1
23 76 2
24 177 5
24 267 2
24 471 3
24 61 2
25 28 3
25 141 5
26 302 4
26 289 5
26 462 1
27 300 4
27 90 3
27 382 2
28 251 1
29 133 4
30 380 2
30 268 3
30 171 2
32 361 1
32 379 3
32 377 1
32 328 1
32 412 2
32 217 5
34 150 3
35 440 3
35 411 4
35 291 5
35 370 2
35 426 3
36 441 2
39 224 1
39 104 4
41 299 2
42 351 4
43 345 2
43 103 3
44 244 3
45 160 2
46 267 5
46 125 4
47 212 5
47 210 1
50 194 2
50 404 3
50 456 5
50 185 1
51 393 3
51 239 3
51 53 4
51 114 4
52 401 5
53 456 2
54 257 2
54 257 4
54 91 3
54 426 5
55 119 2
55 250 4
55 57 1
56 142 3
56 310 4
56 432 5
56 153 1
57 194 1
57 321 4
57 354 2
57 210 1
57 308 3
59 450 2
60 208 4
60 292 3
62 199 1
62 167 1
63 468 5
64 423 3
65 331 4
65 286 1
66 236 1
66 274 5
66 367 5
66 252 1
67 158 5
68 149 5
69 127 5
69 260 3
69 326 1
69 493 4
70 306 2
71 352 4
72 454 5
73 82 4
73 203 1
73 146 4
74 263 2
74 186 4
74 480 4
76 352 1
76 268 2
76 228 4
77 147 2
77 164 5
77 294 5
77 239 5
79 451 5
80 200 4
81 260 1
82 114 1
83 263 1
83 383 1
83 366 5
83 449 4
84 97 3
85 372 5
85 441 3
85 241 3
85 159 5
85 328 5
86 323 5
87 495 2
87 250 5
89 441 5
90 162 4
90 242 5
90 400 5
91 400 3
92 464 5
92 173 4
92 303 1
93 260 3
94 155 3
94 197 2
94 142 1
95 142 5
95 456 3
95 228 3
97 318 5
98 364 2
98 329 4
98 328 2
99 177 5
100 262 1
100 231 2
100 240 4
100 210 5
100 318 3
101 447 4
101 415 1
101 184 2
102 443 4
102 211 5
103 438 1
104 272 4
107 487 5
107 461 3
108 111 2
109 133 5
111 324 2
111 381 1
111 233 2
112 115 5
112 133 5
113 339 5
114 174 2
115 434 1
115 254 2
116 255 4
117 410 3
120 334 1
120 233 5
121 449 1
121 394 4
122 277 2
122 486 5
122 151 2
123 210 5
123 143 3
124 475 2
124 357 4
124 237 2
125 160 3
128 326 2
129 166 5
130 342 4
130 314 1
131 215 4
132 264 2
132 224 3
133 486 2
133 220 4
134 430 4
134 401 3
135 208 1
136 357 4
137 446 5
137 411 5
137 276 1
138 307 1
139 351 1
139 409 2
140 499 5
140 495 5
140 444 1
141 285 5
141 452 1
142 458 2
143 238 3
144 251 3
144 186 1
145 244 2
145 302 1
146 173 3
146 346 4
146 473 1
146 379 3
148 332 2
148 295 2
149 476 5
149 353 4
151 231 4
153 489 2
154 259 5
154 355 2
154 159 2
156 191 5
157 473 3
157 321 2
158 485 1
158 440 5
160 351 4
161 207 2
162 311 2
162 200 3
163 298 4
164 366 5
166 444 5
168 223 3
169 315 2
169 321 4
171 226 1
171 214 2
171 281 5
171 220 2
172 376 4
172 455 1
173 316 5
174 459 5
175 269 3
176 201 4
177 265 2
177 383 3
178 377 4
178 349 1
179 363 5
181 481 1
181 292 1
183 237 4
184 313 1
184 266 1
185 201 3
186 481 2
190 307 1
191 451 3
192 400 4
192 441 2
193 223 5
193 409 4
194 493 5
194 404 4
194 305 4
196 491 4
196 481 4
196 425 1
197 236 4
197 240 2
198 390 2
198 382 1
199 389 3
200 263 2
200 412 5
200 400 3
200 235 5
204 301 5
204 407 2
205 392 5
206 366 4
207 290 5
207 282 1
207 321 1
209 438 4
209 370 5
210 392 4
211 430 3
212 319 1
212 441 5
213 449 1
214 220 4
214 375 2
215 218 2
217 271 1
218 262 4
219 355 4
221 271 3
221 466 2
222 388 4
223 410 3
226 392 3
228 471 4
229 388 1
229 303 3
230 309 1
232 490 4
232 416 3
233 304 4
233 347 5
234 488 1
234 414 3
235 422 1
236 357 5
236 386 2
236 328 4
236 252 4
237 387 3
238 417 5
238 270 5
238 408 1
239 370 3
239 361 1
240 336 4
241 260 1
241 283 3
242 290 2
243 275 3
243 337 1
244 358 5
244 363 1
249 274 3
250 380 1
250 305 1
251 271 5
253 351 1
255 342 4
256 382 5
257 397 1
258 391 2
259 260 4
259 333 2
262 311 2
266 274 1
266 391 4
269 373 2
272 365 4
275 382 1
276 439 4
278 396 5
279 429 1
279 369 5
282 326 3
286 356 3
286 348 4
287 313 4
288 374 2
288 420 5
288 345 3
289 343 1
290 382 5
291 318 1
291 292 4
292 324 1
293 363 4
293 383 2
294 355 2
296 493 3
297 392 2
298 414 4
298 416 1
299 416 4
299 381 3
300 316 2
305 479 5
306 499 2
307 337 1
309 444 1
310 443 1
311 355 4
312 350 4
314 474 1
315 490 4
316 422 1
318 454 4
319 325 2
319 472 5
320 325 3
321 339 5
323 484 2
325 406 3
328 463 1
328 467 1
328 386 5
328 335 3
328 391 3
329 484 4
332 483 5
332 387 1
334 461 1
334 472 5
338 483 2
338 364 4
340 454 5
340 363 2
343 421 2
347 428 1
349 437 5
349 484 3
350 405 5
351 467 3
357 365 3
358 481 1
364 481 5
365 486 5
365 474 5
366 381 1
369 459 5
370 487 1
371 383 3
375 438 2
376 407 4
380 448 2
381 398 1
382 447 2
383 454 5
384 445 3
388 450 2
388 408 3
390 429 3
393 492 3
393 460 5
395 492 5
396 419 3
398 474 5
402 415 2
404 463 1
405 432 2
406 430 4
411 499 1
412 499 3
413 481 3
413 415 1
415 416 4
420 432 1
421 438 4
421 422 3
424 452 3
441 478 1
442 444 1
447 473 5
448 463 2
450 493 5
451 466 1
451 478 3
455 461 5
460 476 5
479 500 1
