500 500
1 275 1
2 194 4
3 460 4
3 70 2
3 490 3
4 358 4
4 109 2
5 349 5
5 29 4
5 283 3
7 111 3
7 446 4
8 364 2
8 79 1
8 349 5
8 34 4
9 457 5
9 488 4
9 243 3
10 182 5
10 17 3
10 199 2
11 145 2
11 397 2
11 227 1
11 491 3
12 176 1
13 36 3
13 425 3
15 177 4
15 395 2
15 86 4
16 212 2
16 84 3
16 61 4
16 385 5
17 164 3
17 464 5
18 179 3
18 241 4
18 465 4
19 394 5
19 132 3
20 53 2
21 161 4
21 296 1
21 390 4
21 101 4
22 373 3
22 109 3
22 132 5
23 292 1
24 477 1
25 323 4
25 355 5
26 489 3
26 364 5
26 343 4
26 296 5
27 161 2
27 127 3
28 306 2
28 268 3
28 411 2
29 147 2
29 477 1
29 456 3
30 189 1
30 293 4
32 93 4
32 315 2
33 139 4
35 451 1
36 46 5
36 344 2
38 43 2
39 97 1
39 376 1
39 478 2
40 488 2
41 239 3
41 239 1
42 43 1
44 195 5
44 173 5
44 219 3
45 115 1
45 490 3
45 222 4
45 161 5
45 411 1
47 211 3
47 265 1
48 462 2
48 456 1
48 360 2
51 347 4
52 93 4
52 206 3
53 322 3
53 399 5
54 348 1
55 73 2
55 107 4
55 286 4
56 150 1
56 213 3
57 133 3
58 329 3
59 470 3
60 407 4
60 167 3
63 116 3
64 474 2
66 111 4
66 299 2
66 422 3
66 204 1
66 361 5
67 333 4
67 448 1
68 171 5
69 75 5
69 479 3
70 156 3
70 452 2
70 472 5
71 426 2
72 328 4
72 226 5
73 108 2
73 114 5
74 222 1
74 311 1
75 332 3
75 371 5
77 392 2
77 303 4
79 347 3
79 341 2
79 79 5
80 321 4
80 222 2
80 85 4
80 379 5
82 313 2
83 173 5
83 97 1
84 237 5
86 429 3
86 482 5
87 374 2
87 357 4
88 372 5
89 402 5
90 236 3
90 493 4
91 120 3
91 194 5
91 379 5
92 117 3
92 159 1
92 473 3
93 160 4
93 132 5
93 426 1
94 433 5
94 120 3
94 265 4
95 438 1
95 235 5
96 466 4
97 394 1
98 173 1
98 166 2
99 202 1
100 428 5
101 442 1
101 412 3
101 355 5
101 418 3
102 108 4
103 282 4
104 238 2
104 145 5
105 364 2
105 237 3
108 339 2
108 293 4
108 294 3
109 213 3
109 435 2
109 355 3
110 215 4
110 274 3
110 316 3
111 226 2
112 298 1
113 216 5
113 360 2
114 291 1
114 416 5
115 224 5
117 404 2
118 454 5
118 262 5
118 390 4
120 162 1
121 432 4
122 184 3
122 167 2
122 458 4
123 174 2
123 493 4
125 329 5
126 456 5
126 431 4
130 452 2
130 252 2
130 295 4
131 492 1
131 439 3
133 157 3
133 414 4
135 234 2
137 205 4
138 370 3
139 396 4
139 356 5
142 269 2
142 347 5
144 245 4
145 154 4
145 467 1
145 315 4
146 232 4
146 231 4
147 477 2
147 330 1
147 430 2
148 184 4
149 455 5
150 371 4
150 461 1
150 354 5
153 325 3
153 345 1
155 320 2
156 394 4
156 214 2
156 356 2
156 436 1
157 390 3
157 395 5
158 293 4
158 386 1
159 436 2
159 401 2
161 482 3
163 470 5
164 328 3
164 239 4
164 315 4
165 489 2
166 376 3
168 227 2
169 471 5
169 451 3
169 249 2
170 256 3
171 345 2
172 440 2
172 422 3
172 467 4
172 468 2
173 192 1
173 227 4
174 372 5
175 258 2
178 310 4
180 274 3
180 212 4
180 317 1
180 260 4
183 415 1
183 328 1
183 312 1
183 317 1
184 400 2
184 217 3
185 197 1
188 193 1
189 416 2
190 400 2
191 303 5
193 471 1
193 269 1
194 415 3
194 444 2
197 265 1
198 323 1
199 475 5
200 422 1
200 361 4
200 273 4
200 443 1
201 417 3
202 213 2
202 320 5
202 269 5
203 301 1
203 256 3
205 338 3
205 361 5
205 222 1
205 423 1
206 325 2
206 253 3
206 315 3
208 375 2
209 405 2
209 284 5
209 490 2
210 418 1
210 282 1
211 289 1
211 480 5
211 427 4
213 252 4
215 499 1
215 458 1
215 363 4
217 461 4
217 468 2
217 314 4
218 345 4
221 303 3
221 269 5
221 351 1
222 429 1
222 431 4
223 476 3
224 490 4
224 329 5
224 295 5
225 495 1
225 301 4
225 235 4
228 400 3
228 303 2
229 290 1
229 321 3
230 458 2
230 332 3
237 430 4
237 325 2
237 273 4
237 451 2
238 413 2
239 339 1
241 385 4
241 393 3
241 480 5
242 452 3
244 422 2
245 251 1
248 396 1
250 301 4
251 403 5
252 432 1
252 405 4
255 498 3
259 357 5
261 382 4
261 378 3
264 351 5
264 314 5
264 403 1
265 313 1
266 313 2
268 457 1
269 277 2
269 362 1
269 439 5
269 305 3
269 480 1
271 449 1
273 413 4
274 482 4
274 452 3
274 300 1
274 474 4
275 471 3
276 390 4
278 375 1
279 387 5
279 454 1
280 425 1
281 315 3
282 337 4
285 351 1
285 415 3
286 467 5
287 458 1
291 410 2
292 301 1
292 348 2
292 453 4
293 443 5
294 421 5
296 308 3
297 321 2
297 431 1
298 320 3
302 368 2
304 468 3
305 392 2
305 398 5
314 315 5
315 332 3
317 486 2
318 448 1
323 444 2
324 358 1
325 401 1
326 452 3
326 381 2
327 355 4
327 416 5
327 375 1
327 496 3
328 385 1
328 374 5
328 329 2
329 400 5
330 473 2
330 350 1
331 477 1
332 454 5
332 388 1
332 433 3
333 452 1
333 473 2
334 429 3
334 356 1
336 480 1
337 460 3
338 427 3
339 354 4
340 362 2
342 432 2
344 349 1
344 382 2
344 388 4
346 466 2
349 401 2
352 424 5
353 464 5
355 414 4
356 376 4
358 444 3
361 443 2
361 497 3
361 492 1
364 453 2
367 383 5
367 498 2
367 500 2
374 491 5
376 467 4
378 383 1
380 413 1
381 389 1
381 444 3
382 482 4
385 451 5
390 497 1
394 487 5
407 480 1
407 485 2
408 494 1
409 447 3
416 426 1
421 499 1
422 441 4
423 441 5
426 463 1
427 470 1
428 477 2
428 477 4
431 496 3
432 443 4
433 461 1
436 454 1
442 452 3
455 475 3
462 498 1
474 486 3
476 496 5
479 495 4
