500 500
1 39 2
2 327 2
2 436 2
2 361 3
2 264 2
2 365 1
2 495 2
3 223 3
4 46 5
4 233 4
4 475 4
4 372 4
5 283 1
5 424 2
5 135 2
6 217 1
6 318 4
7 360 2
7 210 5
7 139 4
7 59 3
8 407 5
8 236 5
8 344 2
9 500 5
9 314 3
9 208 3
9 430 2
9 471 2
9 388 1
10 329 4
11 171 3
12 333 3
12 203 1
12 394 3
12 429 4
13 338 2
13 499 4
14 249 2
14 394 2
14 285 5
14 43 4
14 263 1
15 53 1
16 58 2
16 32 5
18 351 5
18 151 2
18 257 2
18 121 1
19 302 5
20 129 4
20 453 3
21 359 4
21 462 3
21 66 4
21 188 2
22 205 2
22 312 4
23 49 4
23 176 3
23 488 3
24 197 2
24 205 4
24 224 4
25 315 5
27 157 2
27 408 3
28 29 2
28 107 2
28 44 3
29 302 5
29 146 5
31 492 2
31 496 5
31 453 5
31 60 2
31 358 5
33 474 1
34 146 4
34 152 1
34 314 4
35 361 3
36 274 1
36 462 5
38 471 1
39 105 2
40 310 1
40 52 1
41 357 5
41 193 4
42 217 1
42 198 2
42 217 5
42 130 3
43 64 4
43 479 4
44 411 4
44 425 3
45 371 5
46 252 5
47 141 2
48 275 3
48 456 5
49 178 4
50 87 3
50 377 5
51 367 1
52 407 5
53 443 4
55 414 2
55 77 1
55 308 2
55 276 3
56 141 1
56 362 2
56 442 5
57 477 5
57 125 1
58 483 1
58 163 2
59 408 2
59 165 1
60 229 2
60 494 1
61 108 3
61 406 2
62 429 3
62 152 4
62 474 4
62 107 1
62 215 1
63 138 2
63 271 5
64 306 5
64 377 1
65 120 4
65 364 4
65 434 3
65 119 2
66 266 1
66 224 2
66 302 1
67 184 5
67 162 4
67 481 2
68 436 1
68 440 3
68 205 2
69 75 5
70 472 1
71 465 5
71 253 5
72 428 1
72 476 5
73 247 5
73 448 4
73 316 4
74 259 5
74 343 4
74 496 1
74 463 5
75 440 4
75 300 5
76 352 4
76 129 2
77 257 1
77 119 2
78 488 5
78 247 5
79 277 4
80 191 2
81 296 4
81 104 4
82 295 3
83 272 4
83 91 3
85 213 2
87 145 1
87 495 4
87 316 4
89 279 5
89 284 4
89 278 2
89 257 3
91 487 5
93 250 4
93 113 2
95 469 2
96 355 2
96 299 4
97 246 5
97 401 2
98 414 2
98 169 4
98 138 3
99 163 5
99 396 4
100 276 2
101 201 2
102 158 1
102 193 3
102 320 4
103 354 4
104 214 4
104 259 1
105 409 4
105 282 3
106 257 2
106 460 1
107 156 5
107 231 5
108 206 4
108 276 1
108 375 3
109 124 1
109 128 5
109 286 1
109 122 4
112 337 4
113 250 4
113 225 3
113 454 4
113 116 3
113 397 4
113 141 1
113 337 2
114 292 2
114 452 1
114 471 1
115 198 5
116 377 1
116 146 3
117 387 1
118 194 3
118 308 4
120 464 2
121 214 1
121 403 4
122 498 5
126 250 5
126 494 3
126 272 1
127 420 5
128 311 1
128 242 3
128 182 3
128 389 5
129 165 5
130 311 1
130 348 3
131 319 2
132 447 2
133 401 5
133 178 1
133 427 2
133 191 3
134 437 3
135 245 4
136 489 3
136 173 4
136 222 1
137 163 2
137 144 4
138 253 3
138 420 2
138 394 3
139 342 1
140 500 3
140 224 3
143 412 5
143 333 1
144 323 3
144 449 3
145 163 5
146 152 5
147 187 1
148 209 3
149 267 3
150 359 4
150 384 4
152 453 4
154 365 3
154 231 3
155 185 3
156 195 3
156 217 4
157 322 4
157 165 3
159 346 1
159 346 2
160 324 3
161 488 5
161 258 3
161 397 1
163 430 5
167 287 2
168 268 1
169 403 2
169 439 4
169 270 2
171 412 3
171 310 1
172 428 3
174 399 5
175 330 1
175 220 1
179 436 4
180 217 2
184 342 1
185 240 3
187 352 4
188 411 3
189 491 2
190 206 4
190 234 1
190 400 4
192 458 1
192 323 1
193 384 2
194 480 5
196 459 1
197 460 1
198 459 1
199 346 4
199 343 5
201 309 3
201 402 2
202 240 4
202 463 5
202 391 2
203 321 2
203 229 1
204 479 2
205 219 2
206 435 3
206 217 4
207 213 4
209 421 5
210 251 5
211 349 1
212 358 5
214 254 4
214 251 4
215 490 3
215 291 5
217 306 5
218 390 1
219 313 1
220 330 4
221 294 3
222 406 4
222 476 5
222 407 5
223 242 2
224 292 2
224 287 3
225 238 4
226 415 5
227 244 3
228 362 3
230 430 2
230 291 5
231 328 4
232 498 5
232 351 3
232 487 1
234 274 5
235 327 5
235 450 2
238 465 5
238 412 5
239 471 1
240 422 5
242 412 5
246 481 4
246 357 2
248 417 2
248 302 1
249 266 4
250 390 2
250 439 4
252 396 1
253 347 3
255 432 4
257 463 1
258 350 1
261 315 1
261 360 5
261 392 5
261 310 3
262 343 5
263 291 5
264 342 2
264 311 5
266 439 5
268 441 3
269 447 1
272 305 2
273 376 2
273 339 4
273 363 4
276 284 2
280 447 4
280 468 1
280 310 1
281 304 1
282 320 4
283 394 2
284 454 3
285 447 1
286 300 2
289 441 1
293 404 5
294 439 3
294 426 3
294 366 1
296 492 4
298 317 5
298 408 4
298 334 1
302 500 3
302 364 2
303 385 5
305 323 2
309 494 4
309 352 3
310 417 4
312 459 1
313 472 2
313 333 4
315 497 1
317 477 2
317 382 1
318 345 5
321 358 1
322 349 1
323 499 2
323 474 2
323 472 4
324 493 3
327 418 3
330 402 4
330 482 2
333 468 4
334 357 3
336 484 2
340 453 5
341 467 1
342 374 5
343 399 5
347 430 5
347 430 4
350 357 2
355 480 5
359 453 1
359 492 5
360 430 3
361 392 4
364 388 2
365 470 3
368 470 1
370 440 2
371 459 2
377 415 1
378 462 2
382 486 3
384 475 5
385 426 1
387 470 1
387 481 3
388 437 5
390 491 5
393 451 5
393 473 3
397 427 4
400 465 3
407 481 4
408 410 1
410 428 3
412 416 5
414 482 1
416 461 2
419 444 3
422 492 3
425 465 5
426 470 1
426 428 4
427 472 3
432 481 4
434 464 4
436 468 3
450 477 1
451 499 3
458 463 2
459 492 1
459 490 3
466 486 1
467 484 4
483 494 1
