1000 1000
1 522 5
1 256 2
2 706 5
2 592 4
2 99 4
2 74 5
3 892 2
4 74 3
5 143 3
6 610 1
6 891 3
6 778 5
7 686 2
8 515 2
8 889 5
8 765 4
9 887 4
9 85 3
9 170 2
10 370 4
11 526 1
11 526 3
13 951 1
13 276 4
13 838 1
13 835 4
13 238 2
14 305 5
14 813 2
16 710 2
16 117 1
16 295 4
16 533 5
17 779 3
17 142 1
17 409 2
18 496 5
18 983 2
19 664 4
19 50 3
19 112 2
20 923 1
21 430 3
21 734 1
22 504 2
22 316 1
23 190 2
23 848 5
23 431 3
23 910 2
23 614 2
24 66 2
24 783 5
25 322 2
25 697 2
26 319 4
26 746 5
26 146 2
27 964 4
28 173 5
28 577 3
28 630 5
29 841 5
29 709 2
29 680 3
29 633 3
30 643 1
30 447 4
31 941 3
31 946 3
31 540 4
31 870 2
31 559 1
31 592 3
32 298 4
34 175 3
36 570 3
36 333 4
36 745 5
36 442 4
36 456 1
36 370 1
37 832 5
37 107 3
37 252 3
38 131 4
38 145 2
38 478 1
38 186 5
39 148 1
40 422 1
40 526 5
41 129 5
41 398 4
42 911 5
42 540 3
42 122 3
42 812 3
43 630 2
44 453 1
46 129 1
46 816 5
46 685 2
47 482 4
48 317 3
48 445 3
49 141 5
49 437 3
49 966 5
50 110 2
50 946 3
50 125 3
51 538 3
52 605 4
52 627 2
52 514 5
52 228 5
53 321 4
53 306 4
53 313 4
54 529 1
54 880 3
55 904 5
56 827 3
56 904 4
56 885 2
56 921 2
57 733 4
57 799 3
58 933 1
59 648 4
59 732 5
61 472 3
61 813 5
61 80 3
61 206 1
61 896 4
61 180 4
62 898 2
62 91 1
63 578 4
63 86 2
63 752 5
63 359 2
65 698 1
65 115 3
65 159 4
65 70 5
65 619 1
66 689 5
66 143 2
67 652 2
67 741 1
68 820 3
68 979 4
70 110 4
71 101 2
72 428 3
72 214 3
72 700 3
75 773 1
75 315 3
76 119 4
78 855 5
78 905 5
78 664 4
78 799 2
78 344 5
79 319 4
80 377 2
80 684 1
80 887 5
81 713 1
81 946 4
82 197 1
82 527 4
83 560 3
83 433 5
84 958 4
85 748 5
86 535 4
86 912 3
88 264 1
89 436 2
89 880 4
90 794 4
91 129 2
91 475 1
91 612 1
93 926 5
93 649 5
94 166 2
95 448 3
95 735 3
96 187 3
96 344 1
96 666 3
97 539 5
97 187 5
97 284 4
97 360 2
97 932 3
98 661 3
98 855 1
98 789 3
98 112 2
98 500 4
98 430 5
98 737 2
98 170 5
99 614 2
99 972 5
99 553 3
99 477 1
99 795 3
100 189 3
100 118 4
100 452 3
101 657 2
102 775 1
102 509 5
102 542 1
104 109 5
105 485 3
105 809 5
106 913 2
106 172 1
106 244 5
107 787 5
108 858 5
110 496 1
112 768 1
112 541 1
112 599 3
113 591 5
113 526 2
113 751 5
114 683 4
115 669 2
116 724 1
116 160 4
117 345 2
117 605 5
117 632 3
117 374 3
119 140 2
120 219 3
120 340 4
121 706 5
122 781 3
122 479 1
123 733 4
123 309 2
123 658 4
123 476 2
124 390 1
124 237 5
124 351 2
126 409 5
127 775 3
127 449 3
127 389 1
127 285 3
127 744 3
128 838 4
128 263 5
129 406 2
131 796 5
131 493 5
132 608 2
133 242 2
133 590 3
133 199 3
134 182 2
134 291 4
134 456 3
134 852 5
135 362 3
136 882 4
137 245 2
138 880 1
139 684 5
140 306 2
140 307 5
141 512 1
141 246 4
142 726 5
142 399 5
142 313 1
143 563 4
144 744 2
144 673 1
144 382 1
146 583 5
147 759 2
148 508 1
148 621 3
149 372 3
150 722 2
150 488 3
151 834 5
151 314 2
151 271 5
152 417 5
152 902 2
152 943 2
153 665 2
153 231 4
154 526 5
154 394 3
155 712 4
156 451 2
157 448 5
159 641 4
159 590 1
159 295 1
160 570 2
160 294 1
160 408 3
160 513 4
160 682 4
160 918 2
161 701 5
162 296 2
162 433 4
162 470 3
163 597 2
164 623 4
165 292 4
165 275 4
166 707 3
167 532 3
167 315 2
167 615 5
168 999 5
168 169 4
168 362 3
169 409 3
172 292 2
173 364 1
174 249 5
175 990 3
175 386 2
175 352 2
176 792 2
176 321 3
176 765 4
177 906 1
177 229 1
177 896 4
178 606 3
180 280 4
180 600 2
180 250 5
183 472 2
183 513 1
184 209 4
184 692 2
184 759 1
185 953 2
185 650 3
185 737 2
186 802 2
186 222 1
186 455 2
186 308 3
188 228 4
188 925 1
188 795 4
189 901 5
191 767 5
191 295 1
192 664 1
192 792 3
192 773 5
192 503 2
192 621 2
193 409 3
193 586 3
193 700 2
193 483 2
193 770 1
194 544 1
196 992 3
196 380 2
196 976 1
196 514 1
196 359 4
197 507 2
198 318 3
198 456 4
198 980 5
199 364 1
199 311 4
200 654 5
200 298 5
202 658 2
202 650 3
202 778 5
202 486 2
205 493 2
206 528 3
206 715 2
206 707 2
207 396 3
207 704 3
207 238 5
207 363 3
207 298 4
207 785 1
208 209 5
209 526 2
210 522 2
211 897 5
211 710 5
211 657 3
213 526 3
214 216 3
215 685 1
216 522 1
216 921 2
217 960 1
218 452 3
218 335 1
218 944 1
219 834 2
220 409 4
220 794 3
221 527 2
223 905 5
223 431 3
223 876 3
225 845 1
226 763 4
226 766 5
227 678 4
227 475 5
228 257 2
228 868 1
229 947 4
230 862 5
233 548 5
234 754 2
234 630 5
234 930 2
234 482 5
234 890 1
236 435 4
236 500 3
237 391 5
237 551 3
237 858 4
237 603 1
237 721 2
239 869 3
239 436 3
240 602 1
241 869 1
242 647 2
242 981 5
242 296 2
244 768 5
245 863 3
246 603 2
248 833 2
248 405 2
248 354 4
249 437 1
249 977 1
249 564 3
249 742 4
250 749 2
250 660 2
250 691 1
250 460 3
251 472 3
253 893 1
254 280 1
255 711 5
255 354 2
255 598 3
256 494 4
256 425 3
256 825 1
256 709 4
256 711 5
257 338 3
257 338 3
258 303 2
261 646 4
261 329 5
263 987 1
264 949 4
265 269 2
265 889 1
265 644 1
266 377 3
267 977 3
268 972 5
269 833 2
271 503 3
271 364 5
271 775 5
272 407 4
273 546 3
274 637 1
275 550 3
276 469 1
276 414 1
276 339 4
276 649 4
277 948 1
278 334 5
279 308 1
279 745 2
280 430 5
280 308 2
281 938 4
284 474 3
284 888 4
285 611 1
285 418 3
285 392 4
286 482 4
286 647 1
287 786 5
290 865 4
290 559 1
290 814 4
293 589 5
294 331 1
294 366 5
294 502 4
295 999 2
295 980 2
296 912 1
296 574 5
296 569 5
297 601 1
298 583 5
300 521 5
300 379 4
300 323 1
302 814 2
303 955 2
303 930 3
304 935 5
304 888 1
305 430 1
306 355 3
307 335 4
307 871 5
307 339 5
309 462 3
310 425 4
310 694 3
310 617 5
311 369 2
312 663 1
312 473 2
312 522 4
313 963 4
313 611 1
313 551 5
314 585 5
316 781 1
316 673 5
319 657 3
320 694 4
320 381 3
321 402 2
321 766 3
322 499 4
322 371 2
325 780 2
326 343 1
327 506 2
327 378 2
328 341 5
329 880 1
329 862 3
330 746 2
330 576 3
330 666 5
331 677 1
333 394 1
333 505 1
333 784 1
334 742 4
335 454 1
336 372 4
337 708 3
339 775 5
340 626 5
341 531 2
341 982 1
341 683 5
342 784 1
342 460 3
342 732 3
342 708 5
343 922 1
344 433 1
345 446 1
347 615 1
347 405 3
347 373 5
349 962 3
349 808 2
352 979 5
353 422 5
354 778 5
354 999 2
354 421 1
355 711 1
355 694 2
356 694 3
357 645 4
358 680 5
358 951 2
358 847 5
361 432 5
363 603 1
363 648 1
363 493 2
363 419 4
365 751 3
366 615 5
367 732 4
368 592 2
368 897 1
369 379 4
370 892 3
371 602 2
372 734 3
372 755 3
372 621 2
372 853 5
373 1000 5
373 914 5
374 540 1
376 675 2
376 752 3
378 381 1
380 627 2
383 981 2
383 809 4
384 405 5
385 828 5
385 892 3
385 596 4
386 474 2
387 615 4
388 895 2
389 656 4
389 828 3
390 872 2
391 469 5
392 476 3
393 558 1
393 689 5
394 589 4
395 757 4
395 568 2
396 453 3
398 792 4
399 596 5
399 766 2
399 721 5
400 850 4
400 842 3
400 530 3
401 755 2
402 720 4
403 532 5
403 715 3
403 908 3
405 732 1
406 698 3
406 505 5
407 813 3
407 411 3
408 667 5
410 723 1
410 712 5
410 887 1
410 551 3
411 822 2
412 630 4
413 472 5
413 740 1
414 578 3
414 491 3
415 867 4
416 888 2
418 750 2
420 539 1
423 433 4
424 439 2
425 575 4
426 713 2
426 777 1
426 879 2
427 972 1
429 902 3
429 770 1
431 618 4
431 853 3
431 582 2
432 830 2
433 822 5
435 507 5
436 899 1
438 676 1
440 758 3
440 770 2
441 891 4
442 775 2
442 767 3
444 935 2
444 510 3
446 706 5
447 759 4
449 663 5
449 523 4
452 860 2
453 628 3
453 502 2
453 842 2
453 989 5
454 474 1
454 848 4
455 649 1
458 571 3
458 733 1
459 531 5
461 520 1
462 868 4
462 762 2
462 908 1
462 540 2
464 531 4
465 628 2
468 488 2
468 721 3
468 688 4
469 745 5
472 804 1
474 489 3
475 769 4
476 883 5
476 856 3
477 636 1
481 572 1
481 697 4
481 790 5
482 578 3
483 637 2
484 996 5
487 668 2
488 755 4
489 983 4
489 889 5
490 777 1
492 989 4
492 530 3
493 784 1
493 774 5
495 980 2
496 953 1
497 572 4
499 722 5
501 554 2
502 925 5
504 712 1
507 525 5
508 893 3
510 521 1
511 805 4
512 624 1
513 868 1
514 719 5
516 751 4
516 629 2
518 990 5
518 963 4
519 576 2
524 819 2
524 746 3
524 526 2
524 851 1
527 663 4
528 913 3
528 817 3
529 575 2
529 655 5
531 938 4
531 953 2
531 721 2
536 671 3
536 550 3
538 780 4
538 675 5
538 981 5
539 812 1
540 984 5
542 898 5
544 849 5
544 748 2
545 808 1
550 650 2
551 874 3
552 609 5
552 600 3
553 706 1
553 946 5
554 655 3
555 845 1
556 684 5
556 937 1
559 989 3
560 674 1
561 869 2
561 586 2
562 901 2
563 918 2
565 781 2
565 896 2
565 948 2
567 920 2
568 655 5
570 632 1
570 880 2
572 671 5
574 646 1
574 910 5
576 879 4
576 620 2
576 806 4
577 939 3
578 619 4
582 730 2
583 977 2
584 918 4
584 614 4
585 980 4
587 886 2
587 763 1
593 877 3
594 737 1
594 682 4
595 909 3
595 918 4
598 956 1
598 991 4
598 654 3
599 691 3
601 698 4
602 927 1
603 627 5
603 989 4
604 746 5
606 928 1
607 933 3
608 658 5
608 875 3
609 809 2
610 906 2
611 611 4
613 877 5
614 866 2
614 749 1
617 792 1
621 775 2
623 963 3
627 940 2
627 663 5
627 819 5
629 898 2
630 809 1
637 743 5
637 796 4
642 741 4
644 980 5
645 711 3
646 965 1
647 970 3
649 938 1
649 859 4
651 792 3
652 703 5
653 670 5
654 814 2
655 672 5
656 718 2
656 693 5
657 784 5
660 983 2
662 842 1
662 947 5
663 832 4
663 915 5
664 959 1
664 694 3
666 790 2
668 924 2
669 995 5
669 919 2
670 932 1
672 863 1
675 993 2
676 933 1
678 787 4
678 976 5
679 961 3
680 888 3
683 947 4
685 863 4
687 809 2
688 749 2
695 724 5
699 764 5
699 905 3
702 776 4
703 967 2
709 917 2
709 1000 5
711 908 2
711 985 5
714 998 5
715 724 2
717 913 5
718 773 1
719 858 5
719 935 3
723 890 2
724 798 2
727 832 1
728 995 2
730 986 4
738 853 1
738 848 4
739 991 2
740 941 3
742 806 5
743 772 2
744 861 3
746 832 2
747 777 5
748 836 5
754 874 4
755 933 3
756 828 1
760 945 3
763 767 1
768 938 4
772 885 1
773 952 3
775 913 4
776 912 4
781 850 3
783 796 5
784 944 3
789 877 2
796 933 5
798 847 1
798 803 5
798 869 5
807 993 1
821 946 5
822 949 4
825 874 3
826 910 1
838 878 5
838 980 3
843 920 2
850 902 1
853 957 5
863 927 2
866 981 3
869 899 4
870 999 2
872 894 5
877 922 4
879 907 2
886 955 3
889 972 4
893 906 1
896 959 4
919 929 5
921 975 2
922 968 1
930 933 3
933 941 1
933 947 1
935 1000 5
941 950 4
947 960 4
959 975 1
968 974 5
